2732 299 866 799 2316 156 507 379 1647 38 174 1215 790 1689 993 371 18 1156 1055 1963 527 308 233 100 452 28 
215 83 128 63 461 187 69 52 362 2 30 267 17 189 147 55 2 148 148 225 225 32 21 0 71 3 
1375 92 878 281 2543 33 180 112 1914 0 74 846 236 1647 1005 121 53 915 1290 1543 768 146 25 17 356 54 
491 44 124 808 1450 15 211 92 769 10 21 261 169 962 384 132 47 450 288 616 202 39 18 0 117 2 
1500 312 937 515 3071 133 250 333 1550 12 59 1023 538 1232 741 274 9 1190 1325 1298 496 109 110 9 419 65 
446 14 117 106 474 98 104 78 510 0 10 550 74 455 125 7 2 236 144 353 75 18 10 1 148 10 
225 7 16 110 625 20 237 15 202 1 5 122 44 455 115 42 0 199 95 315 146 7 5 0 69 23 
294 16 191 91 528 34 61 536 281 3 50 123 43 166 297 108 1 268 338 450 73 10 114 0 66 10 
842 209 402 425 1434 372 163 160 1942 2 56 1054 203 1381 318 113 4 388 657 1293 229 305 99 9 240 18 
15 0 10 9 53 2 1 0 20 0 1 7 8 26 6 0 0 18 10 18 9 0 0 0 7 1 
59 5 35 19 79 11 58 5 36 0 36 27 2 38 9 4 1 79 32 20 4 1 1 0 1 0 
372 51 90 53 313 74 84 44 186 0 15 833 45 121 221 85 0 176 110 158 114 6 28 0 81 0 
727 37 253 81 860 147 71 68 839 0 10 602 314 685 329 34 0 368 385 300 300 40 6 3 112 4 
529 55 111 53 637 36 51 71 626 12 36 176 91 1017 513 16 10 192 366 245 155 16 45 10 100 4 
547 99 342 306 533 154 176 143 475 14 94 613 318 701 1599 166 3 596 563 588 385 60 233 5 185 5 
775 63 352 295 1488 56 313 209 1246 27 34 802 220 761 743 407 31 581 787 676 452 56 14 1 291 3 
44 0 14 3 104 1 5 0 76 0 5 30 0 43 38 2 45 27 9 45 48 0 7 0 8 0 
871 189 377 433 1995 155 347 106 1372 5 40 264 471 1094 910 206 6 1433 610 1110 386 147 39 0 60 33 
1014 98 745 412 1877 357 205 324 1525 4 76 1051 235 917 664 121 4 767 1430 1089 789 24 27 9 339 20 
543 19 181 110 737 68 202 217 447 5 46 341 143 514 336 119 12 467 434 901 209 16 10 1 139 0 
474 203 153 174 554 78 161 112 280 50 19 523 160 405 334 139 38 526 442 547 739 46 34 1 116 13 
261 54 101 68 388 13 25 38 174 0 2 87 7 225 130 2 0 134 139 146 143 56 9 0 52 1 
72 1 8 35 173 38 55 59 92 0 5 61 13 128 89 6 0 64 62 76 47 10 77 0 17 1 
12 1 16 1 112 0 3 3 14 0 1 12 2 1 9 31 7 5 19 10 13 0 0 90 0 0 
58 13 18 13 141 14 55 13 59 2 1 172 29 23 45 19 0 81 35 78 6 2 1 2 510 0 
0 0 0 0 0 0 0 1 8 0 0 0 0 0 0 0 0 0 2 3 1 0 0 0 0 5 
