2191 5 51 23 380 19 12 39 173 1 9 74 21 27 249 6 1 63 51 32 63 8 3 1 87 3 58 0 
3 413 3 36 9 3 0 0 1 0 0 5 2 3 7 25 0 10 5 2 2 8 0 0 4 0 7 0 
66 6 1602 20 54 11 24 15 20 1 67 56 6 58 59 10 30 46 572 163 23 1 1 46 9 10 78 0 
20 17 16 1190 17 2 25 1 10 8 2 22 1 27 10 2 0 19 17 48 3 4 2 0 19 0 107 0 
238 9 16 19 3258 11 6 33 343 0 3 41 8 32 146 4 1 35 60 116 94 2 6 0 74 2 256 0 
18 1 16 7 28 849 9 13 8 0 3 13 2 4 3 38 1 17 19 38 4 55 1 0 3 0 16 0 
18 8 32 64 29 21 779 13 12 7 9 8 10 20 9 2 2 30 28 91 6 5 1 0 11 1 43 0 
46 2 3 5 54 8 5 790 25 1 6 8 2 7 20 6 0 15 9 24 30 0 0 0 5 1 45 0 
198 8 26 38 510 12 28 120 2564 1 9 128 27 86 80 6 2 63 106 79 90 4 6 2 147 3 51 0 
2 0 4 40 0 0 28 1 0 45 0 0 0 1 0 0 0 1 2 1 1 0 0 0 2 0 0 0 
5 0 11 0 3 1 1 2 0 0 159 5 1 2 6 0 1 0 5 5 0 0 1 0 1 0 7 0 
30 5 12 26 55 2 16 5 30 0 3 1964 6 41 24 4 0 45 18 45 10 7 4 1 21 0 165 0 
16 4 7 10 13 2 1 6 28 0 0 8 1486 148 7 6 1 28 14 19 8 3 10 3 3 0 29 0 
35 3 29 50 61 5 21 20 30 0 2 49 129 3332 18 5 1 73 66 63 48 5 3 1 42 0 123 0 
215 5 21 21 187 4 4 30 86 0 13 29 7 21 1682 3 1 26 113 39 80 5 3 0 14 0 29 0 
21 23 28 7 42 68 7 5 14 0 1 3 4 13 7 1203 0 13 13 33 7 9 1 1 6 0 12 0 
12 0 60 0 5 0 12 2 7 0 28 0 1 1 4 12 23 1 4 12 0 0 4 1 1 2 2 0 
49 4 10 34 55 2 8 21 41 1 5 65 10 53 25 2 0 2574 40 36 30 7 9 1 24 0 74 0 
16 6 169 16 41 6 15 16 21 0 3 27 19 34 26 4 1 29 2527 47 9 0 3 0 11 22 188 0 
27 15 154 64 126 47 16 46 38 0 10 78 15 66 33 7 1 52 140 3009 19 10 1 2 46 3 136 0 
80 3 43 40 168 18 24 55 74 1 18 73 4 44 102 9 0 72 33 50 894 8 37 1 19 1 32 0 
4 4 1 11 1 36 1 0 2 0 0 3 2 6 7 4 0 16 8 23 7 489 6 0 6 0 5 0 
6 0 1 19 0 0 4 1 3 0 0 5 5 2 10 1 0 12 2 2 12 2 323 0 8 0 20 0 
1 0 28 2 2 1 12 1 0 0 2 1 5 0 1 3 1 2 26 0 1 0 0 183 0 0 0 0 
15 0 5 11 42 1 3 0 106 0 1 8 1 15 4 1 0 12 5 2 12 0 2 0 137 0 105 0 
0 0 0 0 0 0 1 0 0 0 0 0 0 2 1 0 0 0 7 0 0 0 0 0 0 5 1 0 
24 0 6 60 160 1 22 16 20 0 12 23 52 62 12 1 0 65 112 65 30 3 8 0 106 0 1940 0 
0 0 0 0 0 0 0 0 0 0 0 0 0 0 0 0 0 0 0 0 0 0 0 0 0 0 0 0 
