1538 45 705 784 3331 76 577 191 595 4 135 2624 329 1842 661 103 7 1192 1570 1452 494 76 45 6 1952 36 
100 120 38 107 473 3 45 18 44 1 12 458 44 169 85 8 0 90 79 82 46 7 0 1 156 0 
539 9 1223 407 2395 64 353 177 369 3 184 1433 110 1167 500 40 5 382 1317 888 439 24 3 5 976 6 
194 34 94 1889 963 3 169 65 163 5 46 499 66 553 180 39 3 263 349 429 175 19 19 2 471 27 
992 85 791 2084 8765 167 531 293 671 11 195 2698 406 2948 787 220 12 1941 2894 2703 730 175 69 13 2381 58 
89 6 146 121 521 230 24 29 143 0 21 655 14 323 135 7 0 142 89 573 112 14 2 0 428 0 
154 11 75 223 868 19 1349 171 222 5 28 172 15 488 218 9 0 178 321 382 105 10 14 4 246 6 
231 7 194 160 699 49 245 514 168 0 35 282 149 352 144 50 2 219 350 360 96 10 12 1 237 5 
967 39 917 869 3774 128 1181 272 1437 4 117 2389 482 3929 1349 124 5 951 2516 2123 778 102 16 19 1990 59 
3 0 18 16 64 0 2 2 7 4 1 3 2 13 26 0 0 7 41 32 38 0 0 0 8 0 
15 0 26 32 129 4 73 7 30 0 331 61 0 109 49 2 0 24 65 78 4 0 2 0 52 1 
518 54 190 501 2029 110 400 99 310 0 95 4390 90 771 377 111 0 454 864 589 400 39 28 4 2240 13 
376 30 208 311 1316 17 128 68 218 1 22 566 827 866 287 76 0 411 556 703 133 6 4 2 721 23 
835 13 874 939 3296 36 1160 99 779 5 86 1613 363 4816 514 47 2 579 1895 2184 654 55 28 5 1553 10 
466 50 398 569 2290 50 473 223 392 3 119 1065 234 2131 1617 139 3 798 1925 1143 714 51 78 5 1326 13 
190 6 151 259 1190 21 132 89 192 1 14 634 22 532 200 427 0 253 503 746 84 13 1 5 530 7 
49 0 28 28 129 0 21 2 27 0 10 13 2 109 49 7 9 11 33 112 60 0 13 0 13 1 
585 55 339 858 2877 64 474 162 350 5 99 1244 274 1220 565 103 4 2524 1360 1219 418 72 49 0 1919 11 
271 24 464 371 1813 39 262 150 470 1 57 864 309 1013 455 45 5 472 3914 759 278 29 18 16 810 29 
730 36 705 666 3207 56 420 249 689 3 80 1600 300 2024 916 60 6 904 1608 3356 424 41 26 3 1645 10 
665 30 343 513 1845 75 198 168 339 3 57 1005 332 824 421 39 13 568 1628 807 1224 12 69 2 537 10 
63 4 55 144 602 16 58 8 60 1 3 180 5 184 48 4 0 89 139 151 28 165 3 0 176 3 
34 2 5 71 144 1 44 8 18 0 15 48 2 101 62 1 0 75 50 32 38 2 89 0 23 0 
15 3 36 39 233 1 9 6 34 1 2 88 2 89 43 3 0 60 70 116 10 3 0 9 160 2 
103 19 76 85 465 6 97 16 167 0 25 217 25 163 93 17 0 128 218 106 36 5 6 2 2711 1 
5 0 5 17 107 0 19 0 4 0 0 0 5 29 7 0 0 1 42 2 0 2 0 1 1 51 
