13 37 69 65 200 54 52 107 111 5 3 133 68 133 50 68 5 207 85 202 94 33 57 4 31 2 275 0 
50 2 0 5 18 0 3 0 21 0 0 6 12 5 18 2 0 11 2 2 12 0 0 1 3 0 31 0 
253 0 30 5 274 23 4 9 329 1 5 14 5 251 70 25 1 55 288 42 88 5 2 18 47 0 260 0 
95 1 5 9 527 3 9 3 82 2 3 38 14 194 40 4 0 68 19 29 62 11 4 0 7 5 932 0 
168 128 282 227 125 55 110 240 245 10 44 373 178 360 92 152 1 367 315 505 112 126 53 3 88 36 1353 0 
76 0 5 4 72 48 2 2 48 0 1 30 6 6 52 1 0 5 9 6 26 4 3 0 2 0 26 0 
115 3 9 42 42 11 26 6 190 5 7 19 5 329 63 1 2 53 9 5 32 4 7 3 9 0 372 0 
15 1 86 9 20 37 43 0 14 2 3 4 9 14 4 61 1 31 43 171 9 3 18 24 8 0 158 0 
76 42 167 120 165 85 51 78 31 1 19 109 114 161 75 50 1 195 224 223 63 43 19 11 36 12 274 0 
6 0 0 8 7 0 1 0 0 0 0 0 0 0 0 1 0 15 0 0 0 0 0 0 0 0 0 0 
29 1 72 1 6 1 2 0 12 0 0 4 1 30 18 1 0 32 7 1 0 0 1 0 0 0 15 0 
631 66 38 31 286 25 12 19 181 0 2 181 6 43 189 29 1 60 15 61 156 8 15 1 80 0 720 0 
134 4 9 12 183 0 2 6 177 0 1 6 93 18 252 1 0 38 66 19 106 0 0 0 36 3 122 0 
468 0 29 20 586 4 25 29 574 0 12 20 55 78 748 19 1 97 34 72 145 4 13 0 26 0 759 0 
29 48 218 57 74 51 25 76 180 14 11 129 61 115 21 71 1 172 107 135 33 26 40 0 14 0 228 0 
261 1 2 3 54 1 2 1 65 0 1 9 88 31 101 102 0 20 56 14 48 0 0 11 11 0 29 0 
3 0 6 1 23 0 0 1 4 0 1 1 0 4 1 1 0 2 7 1 3 0 0 1 0 0 5 0 
359 35 30 22 690 58 25 28 123 0 0 19 10 23 301 64 0 71 34 135 215 10 5 3 34 0 370 0 
184 7 82 38 572 1 11 21 374 0 14 61 35 232 197 12 1 140 83 142 273 5 11 1 43 3 982 0 
430 23 71 28 376 26 21 47 360 1 3 58 26 654 125 34 1 156 267 73 108 3 3 10 32 1 654 0 
107 28 86 55 58 23 54 26 30 14 14 26 31 25 236 15 65 46 165 91 2 0 6 2 6 1 200 0 
23 0 2 7 33 0 0 1 43 0 0 9 3 27 26 0 0 4 5 1 2 0 0 0 1 0 18 0 
10 0 0 1 9 0 0 2 2 0 0 2 1 1 49 0 0 7 16 1 3 0 0 0 1 0 17 0 
1 0 1 0 72 0 0 0 3 0 0 0 0 12 17 2 0 5 1 0 0 0 0 0 0 0 0 0 
91 10 42 36 154 5 57 14 51 1 5 441 9 26 91 8 0 200 36 155 7 1 10 0 0 2 1232 0 
0 0 1 0 3 0 0 0 7 0 0 0 0 0 1 0 0 0 0 0 0 0 0 0 0 1 5 0 
0 0 0 1 3 0 0 0 1 0 0 2 0 1 0 1 0 2 3 2 0 0 0 0 4 0 15373 0 
0 0 0 0 0 0 0 0 0 0 0 0 0 0 0 0 0 0 0 0 0 0 0 0 0 0 0 0 
