16 59 129 97 132 12 37 3 48 0 25 495 71 306 11 50 0 288 164 234 42 21 18 2 127 7 0 0 
22 2 0 2 73 0 0 0 15 1 0 59 0 1 33 0 0 7 4 8 6 0 0 0 17 0 0 0 
77 0 16 7 325 1 1 97 92 0 70 46 4 14 106 3 3 23 81 83 70 3 1 1 54 1 0 0 
24 0 3 22 133 1 24 4 60 1 1 34 4 10 41 0 0 13 26 15 68 0 5 0 26 0 15 0 
91 4 155 676 65 87 56 17 47 2 8 262 116 333 20 50 4 408 447 258 23 16 8 108 141 6 31 0 
36 0 4 5 51 33 0 8 70 0 2 29 0 3 38 0 0 23 3 14 32 3 0 0 4 0 3 0 
26 0 5 11 149 2 7 47 29 1 1 6 1 21 29 1 0 19 8 10 17 0 1 0 24 0 5 0 
26 0 2 20 153 2 23 0 79 0 0 10 1 17 84 7 0 22 23 32 21 0 1 0 52 1 1 0 
111 21 280 78 183 26 116 21 19 1 10 196 80 473 132 42 2 104 291 262 23 24 0 2 58 15 0 0 
0 0 0 0 0 0 7 0 0 0 0 0 0 0 7 0 0 0 0 1 9 0 0 0 1 0 0 0 
1 0 1 2 17 1 0 0 2 0 0 1 1 2 8 0 0 1 8 5 0 0 0 0 1 0 0 0 
96 0 9 69 368 10 16 1 85 0 15 154 7 13 64 9 0 12 26 35 16 1 3 0 914 0 12 0 
77 28 7 12 194 0 1 1 59 0 3 3 23 33 63 38 0 10 17 16 12 0 0 0 10 0 5 0 
82 2 79 156 198 9 399 6 102 0 14 38 8 33 35 1 1 8 172 506 34 41 0 4 78 4 9 0 
37 22 45 60 65 29 37 5 23 0 23 112 99 385 23 74 0 208 173 71 138 10 36 4 60 0 1 0 
39 0 5 8 144 1 2 43 36 0 0 25 0 7 42 27 0 30 35 62 14 0 0 0 18 0 0 0 
6 0 0 0 3 0 0 0 1 0 1 0 0 0 2 1 0 0 0 1 16 1 0 0 0 0 0 0 
118 4 46 104 370 2 16 8 121 1 9 24 30 73 93 12 0 35 105 75 39 8 5 0 281 1 4 0 
39 0 64 17 145 3 6 50 85 0 7 18 35 14 37 37 3 11 60 204 26 3 2 0 43 0 15 0 
93 1 50 34 415 7 9 157 205 0 1 101 8 55 106 1 0 108 115 26 65 0 1 0 146 1 18 0 
60 23 34 35 126 2 15 10 21 0 3 315 67 68 16 14 0 198 486 49 2 9 7 0 20 1 0 0 
23 1 0 13 118 1 0 2 28 0 0 1 1 1 11 0 0 6 4 8 2 0 0 0 1 0 0 0 
11 0 0 3 25 2 3 17 11 0 0 5 0 27 23 0 0 6 0 0 0 1 0 0 1 0 2 0 
2 0 7 0 0 0 0 0 10 0 3 0 0 0 0 9 0 1 9 15 0 0 0 0 0 1 0 0 
6 1 10 3 20 0 8 3 14 0 0 1 6 12 5 4 0 6 24 3 2 0 0 0 0 0 29 0 
0 0 0 1 10 0 0 0 0 0 0 1 0 1 0 0 0 0 0 0 0 0 0 0 1 0 0 0 
70 6 35 324 764 11 161 63 58 0 33 212 127 341 68 5 0 216 544 375 63 7 19 1 330 4 10926 0 
0 0 0 0 0 0 0 0 0 0 0 0 0 0 0 0 0 0 0 0 0 0 0 0 0 0 0 0 
