278 14 65 53 497 15 16 64 405 2 11 142 105 139 393 33 44 357 70 91 171 42 11 13 32 7 
45 6 40 19 42 24 38 20 75 1 70 53 5 28 16 1 1 29 31 67 32 1 0 0 34 3 
113 14 198 61 128 64 48 5 120 1 12 80 142 159 42 206 3 232 344 521 47 147 11 0 3 0 
87 6 78 13 73 53 45 3 198 2 5 33 47 23 43 47 8 38 52 62 34 1 0 1 4 1 
152 40 56 17 301 6 27 217 265 3 2 71 149 118 102 82 5 137 101 61 114 2 3 0 7 3 
71 1 44 55 81 5 50 10 104 0 5 27 49 69 13 0 1 29 32 71 15 1 8 2 11 12 
51 1 3 52 75 1 24 1 34 2 0 36 31 42 18 11 0 134 2 26 19 19 1 0 2 0 
7 2 10 30 40 0 9 27 23 0 2 20 3 5 14 21 0 50 12 11 2 4 0 0 1 0 
64 2 57 49 385 3 18 5 200 0 0 19 33 40 68 1 0 66 76 108 37 8 0 21 0 0 
1 0 6 3 7 0 3 1 8 1 0 1 1 8 4 4 0 5 2 3 2 0 0 0 0 0 
1 0 1 29 7 1 7 3 1 0 1 3 0 1 5 2 0 0 0 3 0 0 8 0 0 0 
13 1 6 8 86 2 16 13 22 0 13 13 1 8 11 1 0 18 32 36 8 0 2 0 3 0 
89 1 93 13 117 5 22 38 66 1 7 33 15 181 103 2 0 36 91 121 25 3 2 1 2 1 
16 5 10 5 34 0 11 3 41 0 1 5 1 2 65 0 0 4 29 22 4 1 1 1 1 0 
86 0 5 21 66 2 37 17 105 0 1 2 1 14 54 1 0 47 40 12 31 0 0 0 2 0 
59 34 198 121 110 61 35 25 135 23 11 141 132 72 120 92 4 26 200 218 66 76 2 0 29 1 
1 0 2 0 2 0 0 0 5 0 1 1 0 3 0 0 0 6 35 9 0 0 0 0 0 0 
84 7 61 10 33 5 16 4 99 1 30 23 56 19 192 16 26 69 23 54 84 2 2 0 2 0 
187 13 235 69 336 148 30 27 265 5 29 108 83 110 55 178 1 211 114 149 78 34 13 0 9 10 
57 8 18 49 73 24 28 33 58 2 37 22 36 117 51 84 0 87 14 37 60 10 3 0 5 0 
62 2 7 1 55 7 2 2 16 0 0 14 30 1 185 5 3 18 30 5 33 8 0 15 1 0 
17 2 35 5 44 4 16 14 22 1 5 26 0 4 21 1 0 12 4 78 19 0 0 0 2 0 
3 1 9 15 23 0 6 16 18 0 13 23 9 26 7 1 0 20 29 40 3 0 2 0 1 1 
1 0 0 0 0 0 0 0 0 0 0 0 0 0 0 0 0 0 0 0 0 0 0 0 0 0 
4 0 1 0 0 0 0 0 0 0 0 0 0 1 0 0 0 2 4 0 0 0 0 0 0 0 
0 0 0 0 0 0 0 0 0 0 0 0 0 1 1 0 0 0 0 0 0 0 0 0 0 0 
