0 0 6 2 26 1 11 8 26 0 0 15 13 15 7 1 0 31 2 15 37 4 1 0 0 0 7 0 
7 5 0 0 0 0 0 0 2 0 0 0 1 0 0 0 0 0 0 0 0 0 0 0 0 0 0 0 
13 0 36 0 4 0 0 0 21 0 0 0 0 2 3 0 0 4 10 9 3 0 0 1 8 0 6 0 
1 0 0 1 38 0 0 0 5 0 0 4 0 5 4 0 0 0 1 0 3 0 0 0 0 0 31 0 
6 0 11 22 33 2 7 7 112 0 3 80 26 44 8 9 0 105 36 42 2 13 1 0 4 2 70 0 
0 0 0 0 15 98 0 0 5 0 0 2 0 0 0 0 0 0 1 0 0 0 0 0 0 0 5 0 
3 0 0 10 3 0 8 0 4 0 0 1 0 5 1 0 0 1 0 0 0 0 0 0 0 0 7 0 
0 0 3 0 0 0 0 0 0 0 0 0 0 0 0 2 0 0 0 13 0 0 5 1 0 0 7 0 
49 0 56 8 70 12 9 5 0 0 0 39 15 47 9 3 0 44 28 35 15 2 2 2 2 0 12 0 
1 0 0 0 1 0 0 0 0 0 0 0 0 0 0 0 0 0 0 0 0 0 0 0 0 0 0 0 
7 0 1 0 0 0 0 0 0 0 0 1 0 4 0 0 0 1 1 0 0 0 0 0 0 0 3 0 
19 3 4 1 89 0 0 0 25 0 0 124 0 1 22 5 0 0 0 5 6 0 0 0 1 0 19 0 
4 0 0 0 33 0 0 0 14 0 0 0 62 1 10 0 0 2 0 0 5 0 0 0 0 0 4 0 
30 0 0 0 25 0 12 0 23 0 2 0 2 51 4 0 0 2 0 0 6 0 4 0 0 0 17 0 
4 1 3 2 4 2 2 8 23 0 0 20 7 16 9 4 0 40 2 3 9 1 5 0 0 0 7 0 
1 0 0 0 2 0 0 0 1 0 0 2 0 0 9 107 0 0 2 0 0 0 0 0 1 0 4 0 
0 0 0 0 0 0 0 0 0 0 0 0 0 0 0 0 0 0 0 0 5 0 0 0 0 0 0 0 
35 1 2 0 97 0 2 0 23 0 0 0 0 0 40 0 0 63 0 5 17 0 1 0 0 0 30 0 
5 0 0 0 49 0 0 0 29 0 0 2 1 3 5 1 0 7 62 4 4 0 0 0 3 0 27 0 
21 1 10 0 31 0 0 19 28 0 0 6 0 2 7 0 0 1 8 55 2 0 0 0 0 0 11 0 
15 0 6 7 17 1 6 1 5 0 0 10 7 1 13 1 1 12 1 4 0 0 0 0 0 0 1 0 
2 0 0 0 3 0 0 0 4 0 0 1 0 0 1 0 0 0 0 0 0 0 0 0 0 0 0 0 
0 0 0 0 2 0 0 1 0 0 0 0 0 0 7 0 0 0 2 0 0 0 0 0 0 0 3 0 
0 0 0 0 2 0 0 0 0 0 0 0 0 0 0 0 0 0 0 0 0 0 0 0 0 0 0 0 
2 0 3 0 2 0 1 0 0 0 0 3 0 1 2 0 0 1 3 0 0 0 0 0 0 0 4 0 
0 0 0 0 4 0 0 0 1 0 0 0 0 0 0 0 0 0 0 0 0 0 0 0 0 1 0 0 
0 0 0 2 20 0 1 1 1 0 0 9 3 8 2 0 0 4 5 4 0 0 0 0 15 0 332 0 
0 0 0 0 0 0 0 0 0 0 0 0 0 0 0 0 0 0 0 0 0 0 0 0 0 0 0 0 
